Row.names	p	siggenesGO	allgenesGO	allgenes-allgenesGO	siggenes	Ontology	Term
GO:0002474	0.0129809067219718	1	119	100130	11	BP	antigen processing and presentation of peptide antigen via MHC class I
GO:0006955	0.0301927924143297	1	279	99970	11	BP	immune response
