Row.names	p	siggenesGO	allgenesGO	allgenes-allgenesGO	siggenes	Ontology	Term
GO:0002474	0.00945732235092733	1	119	100130	8	BP	antigen processing and presentation of peptide antigen via MHC class I
GO:0006955	0.0220496531188893	1	279	99970	8	BP	immune response
